1	3
1	5
1	8
1	9
1	13
1	14
1	15
1	17
1	20
1	21
1	25
1	30
1	33
1	35
1	58
1	63
1	65
1	66
1	67
1	69
1	80
1	84
1	85
1	93
1	101
1	105
1	112
1	114
1	147
1	189
1	212
1	214
1	234
1	252
1	267
1	294
1	299
1	330
1	342
1	352
1	365
1	369
1	387
1	475
1	526
1	543
1	559
1	721
1	881
1	1134
1	1762
1	2989
1	3089
1	3150
1	3341
1	3523
1	3539
1	3688
1	3723
1	3895
1	4824
1	5691
1	5841
1	5925
1	6377
1	7838
1	11440
1	11542
2	3
2	8
2	9
2	10
2	13
2	15
2	16
2	20
2	25
2	35
2	46
2	61
2	63
2	74
2	92
2	93
2	112
2	119
2	206
2	227
2	234
2	236
2	252
2	354
2	361
2	362
2	363
2	364
2	365
2	415
2	447
2	668
2	705
2	882
2	886
2	1172
2	1346
2	1931
2	2047
2	2163
2	2412
2	2430
2	2553
2	2554
2	2702
2	2839
2	2876
2	2984
2	2987
2	2988
2	2992
2	3125
2	3127
2	3402
2	3511
2	3512
2	3785
2	4030
2	5336
2	5378
2	5691
2	5820
2	6112
2	6113
3	4
3	11
3	20
3	22
3	24
3	80
3	85
3	109
3	111
3	236
3	248
3	415
3	455
3	504
3	957
3	2051
3	5345
4	3
4	30
6	5
6	11
6	14
6	24
6	80
6	111
6	236
6	343
6	415
6	445
6	504
6	3341
8	2
8	1284
8	5841
9	1
9	2
9	4
9	5
9	10
9	73
9	80
9	106
9	147
9	153
9	178
9	227
9	236
9	242
9	253
9	262
9	385
9	442
9	465
9	672
9	2876
9	5925
10	4
10	5
10	11
10	24
10	40
10	54
10	229
10	681
11	22
11	68
13	1
13	2
13	9
13	73
13	106
13	119
13	147
13	242
13	262
13	385
13	4051
14	8
14	9
14	63
16	111
16	1352
19	1
19	2
19	21
19	73
19	84
19	828
19	1152
19	2059
19	2967
19	3391
19	4157
19	4160
19	4728
19	5302
19	5523
19	5802
19	5804
19	5814
19	6199
19	6245
19	11542
20	8
20	9
20	119
20	147
20	212
21	147
21	3539
22	4
22	5
22	8
22	11
22	15
22	24
22	35
22	74
22	104
22	112
22	206
22	361
22	454
22	1136
24	10
24	227
24	1136
24	2571
25	8
25	9
25	13
25	20
25	415
25	2987
25	6112
28	3
28	30
28	67
28	111
28	543
31	8
31	92
31	615
31	668
33	8
33	227
37	13
37	20
37	65
37	101
37	1259
37	2412
39	13
39	21
39	39
39	2967
41	13
41	20
41	886
44	9
44	13
44	35
44	46
44	74
46	13
46	46
47	13
47	20
47	1931
49	13
49	20
49	2984
49	6113
55	8
55	9
55	112
55	475
58	8
58	9
58	234
61	13
61	16
62	13
62	20
62	2163
63	13
63	46
63	74
63	112
63	269
63	354
63	447
63	3785
64	3
64	8
64	9
64	13
64	20
64	25
64	63
65	13
65	20
65	2553
65	5820
66	21
66	4157
66	4160
66	4728
68	117
68	13378
73	13
73	20
73	342
73	2430
73	2989
74	22
74	4085
75	8
75	9
75	13
75	15
75	25
75	46
75	63
75	74
75	354
75	447
75	3785
78	13
78	20
78	3512
79	13
79	20
79	3511
80	11
80	3291
81	74
81	104
81	354
81	447
81	3785
82	13
82	20
82	2839
85	8
85	15
85	104
85	112
85	231
85	279
85	354
89	615
89	2591
92	85
93	4
93	5
93	30
93	55
93	80
93	111
93	1352
93	3892
95	615
95	1094
97	13
97	20
97	3125
100	10
100	2876
101	4
101	5
101	8
101	9
101	80
101	234
101	415
101	504
105	8
105	9
105	15
105	106
105	119
105	299
106	1
106	1168
116	8
116	93
117	1
117	20
117	119
117	199
117	1168
117	5382
117	12215
118	4
118	5
118	68
118	80
118	111
118	117
118	231
118	236
118	279
123	13
123	20
123	2047
128	55
128	6138
128	6139
130	9
130	119
130	262
130	294
131	13
131	39
131	74
131	206
135	13
135	20
135	21
135	1152
135	2988
140	357
140	615
143	5
143	65
143	101
143	364
143	415
143	445
144	8
144	9
144	35
144	119
144	242
144	387
146	1371
146	2734
148	13
148	20
148	2702
152	13
152	20
152	3402
159	275
159	615
163	8
163	2876
170	147
170	3089
183	13
183	20
183	2554
186	4
186	22
186	80
188	13
188	20
188	2992
195	55
195	5681
195	6062
196	13
196	4030
197	8
197	236
199	231
201	13
201	46
206	8
206	342
208	615
208	2995
212	147
212	442
214	8
214	178
214	364
214	672
221	8
221	1172
229	1134
229	3688
234	101
234	3294
236	1159
239	8
239	9
239	14
239	365
239	705
239	881
243	615
243	5396
247	615
247	2888
248	11
248	68
248	1136
252	8
252	9
252	252
252	267
255	8
255	61
267	8
267	668
269	55
269	3892
269	5980
275	85
275	5345
281	8
281	15
281	104
281	112
281	447
286	13
286	39
286	74
286	361
294	262
294	442
329	352
329	615
330	8
330	242
330	362
330	672
342	5
342	80
342	343
343	8
343	15
343	35
343	112
343	342
343	2989
343	3723
343	3895
344	55
344	5980
352	14
352	85
354	111
354	118
357	33
357	352
357	4257
360	8
360	9
360	206
360	559
361	35
361	342
362	8
362	9
362	330
362	361
364	8
364	9
364	214
364	363
365	8
365	364
365	415
365	1346
369	369
369	721
387	242
387	442
392	615
392	644
407	13
407	20
407	3127
415	4
415	5
415	80
415	504
416	13
416	40
416	269
416	681
445	80
445	234
447	111
447	279
455	9
455	3150
458	13
458	39
459	13
459	39
475	14
475	299
487	10
487	2571
526	8
526	106
526	365
526	672
559	147
559	672
562	9
562	17
565	30
565	67
565	543
570	55
570	6062
579	4
579	10
579	248
579	1136
605	10
605	416
615	22
615	4085
620	117
631	1
631	74
631	197
632	5831
644	4
644	85
644	5345
655	9
655	119
655	385
655	1762
663	1172
668	1172
668	5345
670	93
670	114
672	673
673	84
673	118
677	13
677	39
681	10
681	416
686	4136
699	74
699	454
705	112
705	342
721	267
721	721
780	5659
787	13
787	20
787	2839
794	615
794	1096
821	21
821	3391
856	21
856	2967
857	3
857	13
857	20
857	25
881	14
881	526
882	8
882	10
921	8
921	9
921	415
944	1
944	2637
1083	689
1094	111
1094	577
1097	8
1097	15
1097	104
1097	112
1097	3785
1101	231
1101	3291
1134	13
1134	882
1149	1259
1172	5345
1185	2
1185	9
1185	5841
1204	2
1204	1284
1233	93
1233	189
1346	15
1346	342
1451	615
1451	6188
1635	13
1635	20
1635	886
1636	13
1636	20
1636	2163
1637	13
1637	20
1637	3402
1637	6113
1638	13
1638	20
1638	2984
1639	13
1639	20
1639	3125
1640	13
1640	20
1640	6112
1641	13
1641	20
1641	2987
1642	13
1642	20
1642	2412
1643	13
1643	20
1643	2988
1644	13
1644	20
1644	3127
1645	13
1645	20
1645	2047
1646	13
1646	20
1646	1931
1647	13
1647	20
1647	2430
1647	5336
1648	13
1648	20
1648	3511
1649	13
1649	20
1649	2702
1650	13
1650	20
1650	2553
1651	13
1651	20
1651	2992
1652	13
1652	20
1652	3512
1653	13
1653	20
1653	2554
1697	615
1697	6311
1736	442
1736	465
1762	385
1762	442
2430	101
2430	3294
2442	21
2442	6199
2470	5830
2743	3800
2743	11475
2972	4
2972	80
2972	2051
3023	342
3023	3895
3120	69
3120	93
3150	153
3150	442
3356	1
3356	4309
3688	54
3688	229
3880	66
3880	3523
3943	5
3943	14
3943	3341
4085	275
4085	352
4085	357
4085	615
4085	644
4085	668
4085	934
4085	1094
4085	1096
4085	2591
4085	2888
4085	2995
4085	5396
4085	6187
4085	6188
4085	6311
4232	342
4232	3723
4250	3800
4250	11475
4652	105
4652	4824
4677	119
4677	4051
4874	1
4874	5925
4895	13
4895	5925
4927	55
4927	6138
5125	22
5125	68
5125	1136
5301	21
5301	5302
5335	9
5335	13
5335	20
5335	5336
5335	5691
5345	8
5345	231
5345	279
5345	5378
5378	111
5378	118
5382	117
5382	231
5382	13378
5512	262
5512	672
5522	21
5522	5523
5635	5832
5673	55
5673	5681
5691	5692
5691	5694
5693	5692
5693	5694
5694	5693
5694	11433
5776	3167
5776	6453
5801	21
5801	5802
5803	21
5803	5804
5813	21
5813	5814
5818	21
5818	828
5818	6245
5823	4
5823	957
5841	253
5841	442
5984	4
5984	80
5984	109
6140	55
6140	6139
6186	615
6186	6187
6235	689
6235	1371
6235	2734
6376	33
6376	6377
6452	3167
6452	6453
6893	111
6893	222
10905	5659
10905	5831
11432	5693
11432	11433
11439	58
11439	11440
11472	9
11472	7838
11477	615
11477	934
11541	21
11541	84
11541	11542
12214	5382
12214	12215
13309	21
13309	2059
13378	68
13378	231
14899	11
14899	3291
